================================================================================
INSPECTION FOR WORD = SV
================================================================================
cycle length counts:
  length=10: count=12

number of cycles: 12

first few cycles with geometry:
--------------------------------------------------------------------------------
cycle: (0, 28, 30, 82, 96, 114, 108, 67, 55, 11)
length: 10
distinct faces: 10
distinct edges: 10
distinct vertices: 10
faces:    [0, 2, 3, 8, 9, 11, 10, 6, 5, 1]
edges:    [0, 3, 6, 15, 22, 28, 29, 24, 11, 2]
vertices: [0, 1, 2, 7, 12, 17, 18, 19, 14, 5]
--------------------------------------------------------------------------------
cycle: (1, 58, 46, 104, 90, 115, 89, 71, 23, 17)
length: 10
distinct faces: 10
distinct edges: 10
distinct vertices: 10
faces:    [0, 5, 4, 10, 9, 11, 8, 7, 2, 1]
edges:    [0, 1, 9, 18, 23, 28, 27, 21, 13, 4]
vertices: [1, 0, 4, 9, 13, 18, 17, 16, 11, 6]
--------------------------------------------------------------------------------
cycle: (2, 38, 40, 92, 106, 116, 69, 77, 15, 21)
length: 10
distinct faces: 10
distinct edges: 10
distinct vertices: 10
faces:    [0, 3, 4, 9, 10, 11, 6, 7, 1, 2]
edges:    [3, 5, 8, 17, 23, 29, 26, 20, 12, 4]
vertices: [1, 2, 3, 8, 13, 18, 19, 15, 10, 6]
--------------------------------------------------------------------------------
cycle: (3, 19, 56, 64, 100, 117, 99, 81, 33, 27)
length: 10
distinct faces: 10
distinct edges: 10
distinct vertices: 10
faces:    [0, 1, 5, 6, 10, 11, 9, 8, 3, 2]
edges:    [3, 0, 2, 11, 24, 29, 28, 22, 15, 6]
vertices: [2, 1, 0, 5, 14, 19, 18, 17, 12, 7]
--------------------------------------------------------------------------------
cycle: (4, 48, 50, 102, 66, 119, 78, 87, 25, 31)
length: 10
distinct faces: 10
distinct edges: 10
distinct vertices: 10
faces:    [0, 4, 5, 10, 6, 11, 7, 8, 2, 3]
edges:    [5, 7, 9, 19, 24, 26, 25, 21, 14, 6]
vertices: [2, 3, 4, 9, 14, 19, 15, 16, 11, 7]
--------------------------------------------------------------------------------
cycle: (5, 29, 16, 74, 60, 118, 109, 91, 43, 37)
length: 10
distinct faces: 10
distinct edges: 10
distinct vertices: 10
faces:    [0, 2, 1, 7, 6, 11, 10, 9, 4, 3]
edges:    [5, 3, 4, 12, 20, 26, 29, 23, 17, 8]
vertices: [3, 2, 1, 6, 10, 15, 19, 18, 13, 8]
================================================================================
INSPECTION FOR WORD = VS
================================================================================
cycle length counts:
  length=10: count=12

number of cycles: 12

first few cycles with geometry:
--------------------------------------------------------------------------------
cycle: (0, 59, 47, 105, 91, 114, 88, 70, 22, 16)
length: 10
distinct faces: 10
distinct edges: 10
distinct vertices: 10
faces:    [0, 5, 4, 10, 9, 11, 8, 7, 2, 1]
edges:    [0, 1, 9, 18, 23, 28, 27, 21, 13, 4]
vertices: [0, 4, 9, 13, 18, 17, 16, 11, 6, 1]
--------------------------------------------------------------------------------
cycle: (1, 29, 31, 83, 97, 115, 109, 66, 54, 10)
length: 10
distinct faces: 10
distinct edges: 10
distinct vertices: 10
faces:    [0, 2, 3, 8, 9, 11, 10, 6, 5, 1]
edges:    [0, 3, 6, 15, 22, 28, 29, 24, 11, 2]
vertices: [1, 2, 7, 12, 17, 18, 19, 14, 5, 0]
--------------------------------------------------------------------------------
cycle: (2, 18, 57, 65, 101, 116, 98, 80, 32, 26)
length: 10
distinct faces: 10
distinct edges: 10
distinct vertices: 10
faces:    [0, 1, 5, 6, 10, 11, 9, 8, 3, 2]
edges:    [3, 0, 2, 11, 24, 29, 28, 22, 15, 6]
vertices: [1, 0, 5, 14, 19, 18, 17, 12, 7, 2]
--------------------------------------------------------------------------------
cycle: (3, 39, 41, 93, 107, 117, 68, 76, 14, 20)
length: 10
distinct faces: 10
distinct edges: 10
distinct vertices: 10
faces:    [0, 3, 4, 9, 10, 11, 6, 7, 1, 2]
edges:    [3, 5, 8, 17, 23, 29, 26, 20, 12, 4]
vertices: [2, 3, 8, 13, 18, 19, 15, 10, 6, 1]
--------------------------------------------------------------------------------
cycle: (4, 28, 17, 75, 61, 119, 108, 90, 42, 36)
length: 10
distinct faces: 10
distinct edges: 10
distinct vertices: 10
faces:    [0, 2, 1, 7, 6, 11, 10, 9, 4, 3]
edges:    [5, 3, 4, 12, 20, 26, 29, 23, 17, 8]
vertices: [2, 1, 6, 10, 15, 19, 18, 13, 8, 3]
--------------------------------------------------------------------------------
cycle: (5, 49, 51, 103, 67, 118, 79, 86, 24, 30)
length: 10
distinct faces: 10
distinct edges: 10
distinct vertices: 10
faces:    [0, 4, 5, 10, 6, 11, 7, 8, 2, 3]
edges:    [5, 7, 9, 19, 24, 26, 25, 21, 14, 6]
vertices: [3, 4, 9, 14, 19, 15, 16, 11, 7, 2]
