================================================================================
EXPORT CORE INCIDENCE MATRIX
================================================================================

matrix shape: 15 x 30
row sums: [14]
column sums: [7]
gram law matches distances: True

FIRST 5 ROWS OF INCIDENCE MATRIX
--------------------------------------------------------------------------------
root 0: 1 1 1 1 1 1 1 1 1 1 1 1 1 1 0 0 0 0 0 0 0 0 0 0 0 0 0 0 0 0
root 1: 1 1 1 1 1 1 1 1 1 0 0 0 0 0 0 1 0 0 0 1 1 0 0 1 1 0 0 0 0 0
root 2: 1 1 1 1 1 1 1 1 1 0 0 0 0 0 0 0 0 1 0 0 0 1 0 0 0 1 1 1 0 0
root 3: 1 1 1 1 0 0 0 0 0 1 1 1 1 1 1 1 1 1 1 0 0 0 0 0 0 0 0 0 0 0
root 4: 1 1 1 1 0 0 0 0 0 1 1 1 1 1 0 0 0 0 0 0 0 0 1 1 0 0 0 1 1 1

GRAM MATRIX (FIRST 5x5 BLOCK)
--------------------------------------------------------------------------------
14  9  9  9  9
 9 14  9  5  5
 9  9 14  5  5
 9  5  5 14  9
 9  5  5  9 14

