================================================================================
EXPORT THALEAN GRAPH DEFINITION
================================================================================

GRAPH SUMMARY
--------------------------------------------------------------------------------
vertices: 60
edges: 120
degree set: [4]
triangles: 40
diameter: 6
shell profile from 0: (1, 4, 8, 16, 24, 6, 1)
automorphism count: 480
graph6: {to?GKC@H??@?BGA@G?A@A?G?Q??CG?_G??????G??@???D???K????????G???B????O???@G???_?????C???OA?????o???GG????_@????@A????CC????A?G?????a???O_??O??A??I???@???@??@??D???G??A???O??I???O??@?_??P???C?G???G?OC???A?@??O??@???G?A??@??C??O???_?CA???@???_?G??A???G??_??C??O??O???O?@?@???@???_??O??G?O?_??O??A?_C

INVOLUTIONS
--------------------------------------------------------------------------------
a involution: True fixed points: 0
b involution: True fixed points: 0
a,b commute: True
a cycles: (0 33)(1 31)(2 37)(3 39)(4 30)(5 23)(6 22)(7 20)(8 35)(9 34)(10 27)(11 26)(12 25)(13 38)(14 21)(15 24)(16 32)(17 29)(18 28)(19 36)(40 55)(41 56)(42 54)(43 57)(44 53)(45 52)(46 51)(47 50)(48 58)(49 59)
b cycles: (0 9)(1 19)(2 5)(3 8)(4 17)(6 13)(7 10)(11 15)(12 14)(16 18)(20 27)(21 25)(22 38)(23 37)(24 26)(28 32)(29 30)(31 36)(33 34)(35 39)(40 42)(41 43)(44 45)(46 47)(48 49)(50 51)(52 53)(54 55)(56 57)(58 59)

ADJACENCY TABLE
--------------------------------------------------------------------------------
 0 -> [1, 2, 3, 4]
 1 -> [0, 4, 42, 44]
 2 -> [0, 3, 10, 13]
 3 -> [0, 2, 41, 49]
 4 -> [0, 1, 14, 16]
 5 -> [6, 7, 8, 9]
 6 -> [5, 7, 50, 53]
 7 -> [5, 6, 14, 15]
 8 -> [5, 9, 43, 48]
 9 -> [5, 8, 17, 19]
10 -> [2, 11, 12, 13]
11 -> [10, 12, 54, 57]
12 -> [10, 11, 17, 18]
13 -> [2, 10, 51, 52]
14 -> [4, 7, 15, 16]
15 -> [7, 14, 55, 56]
16 -> [4, 14, 46, 58]
17 -> [9, 12, 18, 19]
18 -> [12, 17, 47, 59]
19 -> [9, 17, 40, 45]
20 -> [21, 22, 23, 24]
21 -> [20, 24, 30, 32]
22 -> [20, 23, 44, 47]
23 -> [20, 22, 34, 35]
24 -> [20, 21, 40, 41]
25 -> [26, 27, 28, 29]
26 -> [25, 27, 42, 43]
27 -> [25, 26, 37, 38]
28 -> [25, 29, 49, 50]
29 -> [25, 28, 34, 36]
30 -> [21, 31, 32, 33]
31 -> [30, 33, 53, 54]
32 -> [21, 30, 48, 51]
33 -> [30, 31, 37, 39]
34 -> [23, 29, 35, 36]
35 -> [23, 34, 57, 58]
36 -> [29, 34, 52, 55]
37 -> [27, 33, 38, 39]
38 -> [27, 37, 45, 46]
39 -> [33, 37, 56, 59]
40 -> [19, 24, 41, 45]
41 -> [3, 24, 40, 49]
42 -> [1, 26, 43, 44]
43 -> [8, 26, 42, 48]
44 -> [1, 22, 42, 47]
45 -> [19, 38, 40, 46]
46 -> [16, 38, 45, 58]
47 -> [18, 22, 44, 59]
48 -> [8, 32, 43, 51]
49 -> [3, 28, 41, 50]
50 -> [6, 28, 49, 53]
51 -> [13, 32, 48, 52]
52 -> [13, 36, 51, 55]
53 -> [6, 31, 50, 54]
54 -> [11, 31, 53, 57]
55 -> [15, 36, 52, 56]
56 -> [15, 39, 55, 59]
57 -> [11, 35, 54, 58]
58 -> [16, 35, 46, 57]
59 -> [18, 39, 47, 56]

V4 ORBITS
--------------------------------------------------------------------------------
 0 -> [0, 9, 33, 34]
 1 -> [1, 19, 31, 36]
 2 -> [2, 5, 23, 37]
 3 -> [3, 8, 35, 39]
 4 -> [4, 17, 29, 30]
 5 -> [6, 13, 22, 38]
 6 -> [7, 10, 20, 27]
 7 -> [11, 15, 24, 26]
 8 -> [12, 14, 21, 25]
 9 -> [16, 18, 28, 32]
10 -> [40, 42, 54, 55]
11 -> [41, 43, 56, 57]
12 -> [44, 45, 52, 53]
13 -> [46, 47, 50, 51]
14 -> [48, 49, 58, 59]