
=== ACTUAL COCYCLE / EDGE OPERATOR / NORMALIZED ===
sectors: 15
edges  : 30
normalize: True
M shape: (15, 30)
diag(K):
[0.74438592 0.74438592 0.66105259 0.40915546 0.74438592 0.23737184
 0.32781385 0.74438592 0.28120301 0.47928913 0.74438592 0.350344
 0.55369328 0.55748116 0.55246863 0.74438592 0.42712463 0.74438592
 0.42474368 0.54366822 0.40082213 0.74438592 0.34415205 0.34000342
 0.48093563 0.60131233 0.37449305 0.18019481 0.28901833 0.22857143]
eigenvalues:
[-0.00000000e+00 -0.00000000e+00 -0.00000000e+00 -0.00000000e+00
 -0.00000000e+00 -0.00000000e+00 -0.00000000e+00  0.00000000e+00
  0.00000000e+00  0.00000000e+00  0.00000000e+00  0.00000000e+00
  0.00000000e+00  0.00000000e+00  0.00000000e+00  4.76007000e-03
  2.21406200e-02  3.67783300e-02  5.81947400e-02  7.27348200e-02
  8.23171200e-02  1.42561330e-01  1.76838950e-01  2.37638840e-01
  2.61779650e-01  3.19911610e-01  4.40606110e-01  6.70799480e-01
  1.01228877e+00  1.14606495e+01]

=== ALL-PLUS / EDGE OPERATOR / NORMALIZED ===
sectors: 15
edges  : 30
normalize: True
M shape: (15, 30)
diag(K):
[0.74438592 0.74438592 0.66105259 0.40915546 0.74438592 0.23737184
 0.32781385 0.74438592 0.28120301 0.47928913 0.74438592 0.350344
 0.55369328 0.55748116 0.55246863 0.74438592 0.42712463 0.74438592
 0.42474368 0.54366822 0.40082213 0.74438592 0.34415205 0.34000342
 0.48093563 0.60131233 0.37449305 0.18019481 0.28901833 0.22857143]
eigenvalues:
[-0.00000000e+00 -0.00000000e+00 -0.00000000e+00 -0.00000000e+00
 -0.00000000e+00 -0.00000000e+00 -0.00000000e+00  0.00000000e+00
  0.00000000e+00  0.00000000e+00  0.00000000e+00  0.00000000e+00
  0.00000000e+00  0.00000000e+00  0.00000000e+00  4.76007000e-03
  2.21406200e-02  3.67783300e-02  5.81947400e-02  7.27348200e-02
  8.23171200e-02  1.42561330e-01  1.76838950e-01  2.37638840e-01
  2.61779650e-01  3.19911610e-01  4.40606110e-01  6.70799480e-01
  1.01228877e+00  1.14606495e+01]

=== RANDOMIZED COCYCLE / EDGE OPERATOR / NORMALIZED ===
sectors: 15
edges  : 30
normalize: True
M shape: (15, 30)
diag(K):
[0.74438592 0.74438592 0.66105259 0.40915546 0.74438592 0.23737184
 0.32781385 0.74438592 0.28120301 0.47928913 0.74438592 0.350344
 0.55369328 0.55748116 0.55246863 0.74438592 0.42712463 0.74438592
 0.42474368 0.54366822 0.40082213 0.74438592 0.34415205 0.34000342
 0.48093563 0.60131233 0.37449305 0.18019481 0.28901833 0.22857143]
eigenvalues:
[-0.00000000e+00 -0.00000000e+00 -0.00000000e+00 -0.00000000e+00
 -0.00000000e+00 -0.00000000e+00 -0.00000000e+00  0.00000000e+00
  0.00000000e+00  0.00000000e+00  0.00000000e+00  0.00000000e+00
  0.00000000e+00  0.00000000e+00  0.00000000e+00  4.76007000e-03
  2.21406200e-02  3.67783300e-02  5.81947400e-02  7.27348200e-02
  8.23171200e-02  1.42561330e-01  1.76838950e-01  2.37638840e-01
  2.61779650e-01  3.19911610e-01  4.40606110e-01  6.70799480e-01
  1.01228877e+00  1.14606495e+01]
