================================================================================
PAIR-TRANSPORT EIGENMODE
================================================================================
input: /data/data/com.termux/files/home/dev/cori/hyperxi_lab/reports/decagons/ordered_decagon_pair_cycles.txt
mode index: 2
eigenvalue: -2.000000000000
vertices: 60
edges: 120
degree set: [4]
diameter: 6
shell profile from node 0: (1, 4, 8, 16, 24, 6, 1)

NODE AMPLITUDES
--------------------------------------------------------------------------------
 0  -0.000000000000
 1  -0.173348309402
 2  -0.108127687185
 3  -0.116131436526
 4  -0.169334577785
 5  -0.226890962262
 6  +0.059131625375
 7  -0.149703826578
 8  +0.095806349830
 9  +0.098408551113
10  +0.074939758289
11  -0.012114456459
12  -0.084417863203
13  +0.160689572025
14  -0.095806349830
15  +0.203934037016
16  -0.099036654801
17  -0.085569948241
18  +0.243996913771
19  +0.012658737377
20  +0.103472699150
21  -0.217408064432
22  -0.075953212359
23  -0.110759525735
24  -0.135869226586
25  +0.305203804372
26  +0.129294472635
27  +0.039021310598
28  +0.070926026672
29  +0.226890962262
30  +0.024560267996
31  +0.187869651664
32  -0.130057652047
33  +0.190229281414
34  +0.079159044314
35  +0.073767373683
36  +0.074764068289
37  -0.083691893371
38  -0.038165825085
39  +0.102037969685
40  +0.125625504140
41  -0.119516173812
42  -0.061652917224
43  +0.009653794914
44  -0.032774154455
45  +0.235943011332
46  -0.017902750909
47  -0.026588849339
48  +0.205086122053
49  -0.013933739542
50  +0.000763179412
51  -0.229250592012
52  -0.018534946900
53  +0.093855963268
54  -0.063631043733
55  -0.040993219229
56  -0.111691764599
57  -0.172311967599
58  -0.079922223726
59  -0.126598237681
