================================================================================
PAIR-TRANSPORT EIGENMODE
================================================================================
input: /data/data/com.termux/files/home/dev/cori/hyperxi_lab/reports/decagons/ordered_decagon_pair_cycles.txt
mode index: 3
eigenvalue: -2.000000000000
vertices: 60
edges: 120
degree set: [4]
diameter: 6
shell profile from node 0: (1, 4, 8, 16, 24, 6, 1)

NODE AMPLITUDES
--------------------------------------------------------------------------------
 0  -0.000000000000
 1  +0.027976299995
 2  -0.028502308875
 3  -0.362734312388
 4  +0.095344015118
 5  +0.060430399191
 6  -0.053006618925
 7  +0.060128214463
 8  +0.012757698250
 9  -0.046117872453
10  +0.018141572457
11  +0.007963980029
12  +0.017058412308
13  -0.195610031724
14  -0.012757698250
15  +0.041260007126
16  +0.181922668621
17  +0.019113176626
18  +0.040413550884
19  +0.167633731729
20  +0.195100580659
21  +0.185268277802
22  +0.251619207576
23  +0.423164711579
24  -0.011911242009
25  -0.083432773109
26  -0.142656266945
27  -0.067848166668
28  -0.049226142666
29  -0.060430399191
30  +0.073728297205
31  +0.007417767477
32  +0.102232761590
33  +0.236034601134
34  +0.025503466025
35  -0.021651343133
36  -0.078269786920
37  -0.020721678280
38  -0.067545981939
39  +0.085880207125
40  +0.043759160066
41  -0.058318419434
42  +0.013687363104
43  +0.061211374612
44  -0.020391172781
45  +0.095240166832
46  -0.214213757285
47  -0.225681828686
48  +0.039205242808
49  +0.103332421671
50  +0.040423505354
51  -0.168186434467
52  -0.280508444634
53  -0.037405450291
54  -0.076426096805
55  +0.042042515914
56  -0.147091581737
57  -0.018814070027
58  -0.065926971380
59  -0.159608504329
