================================================================================
PAIR-TRANSPORT EIGENMODE
================================================================================
input: /data/data/com.termux/files/home/dev/cori/hyperxi_lab/reports/decagons/ordered_decagon_pair_cycles.txt
mode index: 1
eigenvalue: -2.000000000000
vertices: 60
edges: 120
degree set: [4]
diameter: 6
shell profile from node 0: (1, 4, 8, 16, 24, 6, 1)

NODE AMPLITUDES
--------------------------------------------------------------------------------
 0  +0.000000000000
 1  -0.156916555515
 2  +0.028385474801
 3  -0.185164936677
 4  +0.047432873287
 5  -0.166362641184
 6  +0.236490661093
 7  -0.254420593049
 8  -0.008923654045
 9  +0.053903661848
10  +0.103012893667
11  +0.008359539297
12  -0.048323238866
13  -0.156193627012
14  +0.008923654045
15  -0.037309128846
16  -0.132749196520
17  +0.081287836867
18  -0.097876881993
19  +0.313110182527
20  -0.127945245850
21  +0.015831870383
22  -0.001840426085
23  +0.018802295493
24  +0.069491407192
25  -0.116924280479
26  -0.011413961147
27  -0.061186483644
28  -0.101336535134
29  +0.166362641184
30  -0.237054775841
31  +0.227549124828
32  -0.135154125959
33  -0.057578222920
34  -0.149437117367
35  -0.297302362828
36  +0.151407699382
37  +0.000564114748
38  +0.026871468221
39  +0.195736598061
40  +0.050704184909
41  +0.085632367712
42  +0.288942823532
43  -0.103084460515
44  +0.174736713682
45  -0.008443536037
46  +0.046657408982
47  +0.082045011611
48  -0.166920204579
49  +0.041947952636
50  +0.146568087106
51  +0.118764706564
52  -0.007388334346
53  -0.044816982897
54  +0.016260045139
55  +0.122565649147
56  -0.092652137545
57  -0.007816509103
58  +0.002869030261
59  +0.041318177780
