================================================================================
THALION SECTOR WAVE: SYMMETRIC
================================================================================
t   totalE
 0  1.00000000
 1  5.25000000
 2  2.62500000
 3  1.84375000
 4  4.71093750
 5  2.72460938
 6  2.20849609
 7  3.97302246
 8  3.58871460
 9  1.49672699
10  4.35451317
11  3.63287497
12  1.03795564
13  5.05070266
14  2.93581470
15  1.56162161
16  4.83134748
17  2.79602030
18  1.96311699

SHELL ENERGY
--------------------------------------------------------------------------------
t  r=0  r=1  r=2  r=3  r=4  r=5
 0  1.00000000  0.00000000  0.00000000  0.00000000  0.00000000  0.00000000
 1  1.00000000  1.00000000  0.00000000  0.00000000  0.00000000  0.00000000
 2  0.00000000  0.25000000  0.50000000  0.00000000  0.00000000  0.00000000
 3  0.25000000  0.56250000  0.06250000  0.31250000  0.00000000  0.00000000
 4  0.56250000  0.56250000  0.39062500  0.12500000  0.15625000  0.00000000
 5  0.06250000  0.00390625  0.17578125  0.39453125  0.39062500  0.01562500
 6  0.47265625  0.19140625  0.07128906  0.00781250  0.24414062  0.14062500
 7  0.47265625  0.37133789  0.17114258  0.36450195  0.14941406  0.07910156
 8  0.00610352  0.01196289  0.65777588  0.14111328  0.28674316  0.07910156
 9  0.33422852  0.06446838  0.07539368  0.06794739  0.16265869  0.24224854
10  0.03089905  0.56837463  0.44449234  0.73098755  0.13523102  0.00006104
11  0.03089905  0.00721836  0.49563313  0.41643238  0.02634048  0.10895157
12  0.06798649  0.00721836  0.24174333  0.33136177  0.13818979  0.02887344
13  0.06798649  0.23061568  0.80442697  0.83715850  0.04587007  0.00156426
14  0.04817253  0.23061568  0.20954622  0.03276646  0.43362322  0.00156426
15  0.04817253  0.18092603  0.39276193  0.14156659  0.30315818  0.02228810
16  0.41581402  0.18092603  0.50728961  0.43540145  0.32646402  0.02228810
17  0.41581402  0.05562763  0.03981969  0.06921075  0.05382339  0.22251052
18  0.16726572  0.05562763  0.31855803  0.38643632  0.18371828  0.00080031
