================================================================================
THALION SECTOR WAVE: ANTISYMMETRIC
================================================================================
t   totalE
 0  1.00000000
 1  5.25000000
 2  2.75000000
 3  1.68750000
 4  4.81250000
 5  2.94140625
 6  1.67773438
 7  4.68432617
 8  3.04931641
 9  1.80500793
10  4.26120758
11  3.70143795
12  1.00162792
13  5.07974201
14  3.06447884
15  1.34043000
16  5.01736586
17  2.95306905
18  1.48376342

SHELL ENERGY
--------------------------------------------------------------------------------
t  r=0  r=1  r=2  r=3  r=4  r=5
 0  1.00000000  0.00000000  0.00000000  0.00000000  0.00000000  0.00000000
 1  1.00000000  1.00000000  0.00000000  0.00000000  0.00000000  0.00000000
 2  0.00000000  0.25000000  0.50000000  0.00000000  0.00000000  0.00000000
 3  0.25000000  0.56250000  0.06250000  0.06250000  0.00000000  0.00000000
 4  0.56250000  0.25000000  1.32812500  0.00000000  0.03125000  0.00000000
 5  0.00000000  0.31640625  0.20703125  0.31640625  0.01562500  0.01562500
 6  0.03515625  0.39062500  0.31738281  0.00000000  0.16601562  0.01562500
 7  0.39062500  0.63500977  0.34301758  0.29907227  0.08300781  0.11816406
 8  0.37133789  0.00390625  0.22735596  0.02441406  0.19982910  0.16503906
 9  0.47265625  0.00001526  0.16999817  0.14356995  0.11968994  0.14654541
10  0.37611389  0.83551025  0.23579788  0.01977539  0.19657135  0.19830322
11  0.05133057  0.11089420  0.19428730  0.04573917  0.47087479  0.14505386
12  0.07855320  0.39062500  0.01140523  0.09888077  0.15854120  0.03589249
13  0.72515869  0.13898188  0.61735660  0.00576502  0.33025384  0.30389810
14  0.00856167  0.24080873  0.21894939  0.45668030  0.01659790  0.02772355
15  0.13020539  0.17947510  0.10864197  0.02111927  0.11455257  0.18578710
16  0.26643592  0.38788325  0.74265949  0.42922331  0.32878346  0.07725848
17  0.06862456  0.03748823  0.50602273  0.04732563  0.06547614  0.00789195
18  0.10404208  0.00189117  0.52067848  0.36195088  0.02943897  0.00337979
