================================================================================
CHAMBER MODE NODAL SCAN
================================================================================
vertices: 60
edges:    120
lambda_1: 2.821023449
block:    [1, 2]

PHASE k=00 theta=0.000000000
--------------------------------------------------------------------------------
positive vertices: 30
negative vertices: 30
zero vertices:     0
crossing edges:    30
positive comps:    1
negative comps:    1
largest + comp:    30
largest - comp:    30
crossing edge list: [(0, 12), (0, 33), (1, 55), (2, 36), (3, 58), (5, 35), (7, 39), (9, 46), (10, 14), (11, 25), (11, 33), (12, 21), (15, 56), (15, 59), (16, 52), (17, 27), (19, 28), (20, 43), (21, 25), (23, 34), (24, 47), (24, 53), (26, 40), (30, 57), (37, 48), (41, 54), (44, 45), (47, 59), (49, 51), (53, 56)]

PHASE k=01 theta=0.523598776
--------------------------------------------------------------------------------
positive vertices: 30
negative vertices: 30
zero vertices:     0
crossing edges:    30
positive comps:    1
negative comps:    1
largest + comp:    30
largest - comp:    30
crossing edge list: [(0, 12), (0, 33), (1, 55), (2, 36), (3, 58), (5, 35), (7, 39), (9, 46), (10, 14), (11, 25), (11, 33), (12, 21), (15, 56), (15, 59), (16, 52), (17, 27), (19, 28), (20, 43), (21, 25), (23, 34), (24, 47), (24, 53), (26, 40), (30, 57), (37, 48), (41, 54), (44, 45), (47, 59), (49, 51), (53, 56)]

PHASE k=02 theta=1.047197551
--------------------------------------------------------------------------------
positive vertices: 30
negative vertices: 30
zero vertices:     0
crossing edges:    30
positive comps:    1
negative comps:    1
largest + comp:    30
largest - comp:    30
crossing edge list: [(0, 12), (0, 33), (1, 55), (2, 36), (3, 58), (5, 35), (7, 39), (9, 46), (10, 14), (11, 25), (11, 33), (12, 21), (15, 56), (15, 59), (16, 52), (17, 27), (19, 28), (20, 43), (21, 25), (23, 34), (24, 47), (24, 53), (26, 40), (30, 57), (37, 48), (41, 54), (44, 45), (47, 59), (49, 51), (53, 56)]

PHASE k=03 theta=1.570796327
--------------------------------------------------------------------------------
positive vertices: 30
negative vertices: 30
zero vertices:     0
crossing edges:    30
positive comps:    1
negative comps:    1
largest + comp:    30
largest - comp:    30
crossing edge list: [(0, 12), (0, 33), (1, 48), (2, 43), (3, 55), (5, 9), (7, 51), (10, 19), (11, 25), (11, 33), (12, 21), (14, 58), (15, 56), (15, 59), (16, 41), (17, 39), (20, 49), (21, 25), (23, 45), (24, 47), (24, 53), (26, 28), (27, 30), (34, 44), (35, 46), (36, 57), (37, 40), (47, 59), (52, 54), (53, 56)]

PHASE k=04 theta=2.094395102
--------------------------------------------------------------------------------
positive vertices: 30
negative vertices: 30
zero vertices:     0
crossing edges:    30
positive comps:    1
negative comps:    1
largest + comp:    30
largest - comp:    30
crossing edge list: [(0, 12), (0, 33), (1, 48), (2, 43), (3, 55), (5, 9), (7, 51), (10, 19), (11, 25), (11, 33), (12, 21), (14, 58), (15, 56), (15, 59), (16, 41), (17, 39), (20, 49), (21, 25), (23, 45), (24, 47), (24, 53), (26, 28), (27, 30), (34, 44), (35, 46), (36, 57), (37, 40), (47, 59), (52, 54), (53, 56)]

PHASE k=05 theta=2.617993878
--------------------------------------------------------------------------------
positive vertices: 30
negative vertices: 30
zero vertices:     0
crossing edges:    30
positive comps:    1
negative comps:    1
largest + comp:    30
largest - comp:    30
crossing edge list: [(0, 12), (0, 33), (1, 48), (2, 43), (3, 55), (5, 9), (7, 51), (10, 19), (11, 25), (11, 33), (12, 21), (14, 58), (15, 56), (15, 59), (16, 41), (17, 39), (20, 49), (21, 25), (23, 45), (24, 47), (24, 53), (26, 28), (27, 30), (34, 44), (35, 46), (36, 57), (37, 40), (47, 59), (52, 54), (53, 56)]

PHASE k=06 theta=3.141592654
--------------------------------------------------------------------------------
positive vertices: 30
negative vertices: 30
zero vertices:     0
crossing edges:    30
positive comps:    1
negative comps:    1
largest + comp:    30
largest - comp:    30
crossing edge list: [(0, 12), (0, 33), (1, 55), (2, 36), (3, 58), (5, 35), (7, 39), (9, 46), (10, 14), (11, 25), (11, 33), (12, 21), (15, 56), (15, 59), (16, 52), (17, 27), (19, 28), (20, 43), (21, 25), (23, 34), (24, 47), (24, 53), (26, 40), (30, 57), (37, 48), (41, 54), (44, 45), (47, 59), (49, 51), (53, 56)]

PHASE k=07 theta=3.665191429
--------------------------------------------------------------------------------
positive vertices: 30
negative vertices: 30
zero vertices:     0
crossing edges:    30
positive comps:    1
negative comps:    1
largest + comp:    30
largest - comp:    30
crossing edge list: [(0, 12), (0, 33), (1, 55), (2, 36), (3, 58), (5, 35), (7, 39), (9, 46), (10, 14), (11, 25), (11, 33), (12, 21), (15, 56), (15, 59), (16, 52), (17, 27), (19, 28), (20, 43), (21, 25), (23, 34), (24, 47), (24, 53), (26, 40), (30, 57), (37, 48), (41, 54), (44, 45), (47, 59), (49, 51), (53, 56)]

PHASE k=08 theta=4.188790205
--------------------------------------------------------------------------------
positive vertices: 30
negative vertices: 30
zero vertices:     0
crossing edges:    30
positive comps:    1
negative comps:    1
largest + comp:    30
largest - comp:    30
crossing edge list: [(0, 12), (0, 33), (1, 55), (2, 36), (3, 58), (5, 35), (7, 39), (9, 46), (10, 14), (11, 25), (11, 33), (12, 21), (15, 56), (15, 59), (16, 52), (17, 27), (19, 28), (20, 43), (21, 25), (23, 34), (24, 47), (24, 53), (26, 40), (30, 57), (37, 48), (41, 54), (44, 45), (47, 59), (49, 51), (53, 56)]

PHASE k=09 theta=4.712388980
--------------------------------------------------------------------------------
positive vertices: 30
negative vertices: 30
zero vertices:     0
crossing edges:    30
positive comps:    1
negative comps:    1
largest + comp:    30
largest - comp:    30
crossing edge list: [(0, 12), (0, 33), (1, 48), (2, 43), (3, 55), (5, 9), (7, 51), (10, 19), (11, 25), (11, 33), (12, 21), (14, 58), (15, 56), (15, 59), (16, 41), (17, 39), (20, 49), (21, 25), (23, 45), (24, 47), (24, 53), (26, 28), (27, 30), (34, 44), (35, 46), (36, 57), (37, 40), (47, 59), (52, 54), (53, 56)]

PHASE k=10 theta=5.235987756
--------------------------------------------------------------------------------
positive vertices: 30
negative vertices: 30
zero vertices:     0
crossing edges:    30
positive comps:    1
negative comps:    1
largest + comp:    30
largest - comp:    30
crossing edge list: [(0, 12), (0, 33), (1, 48), (2, 43), (3, 55), (5, 9), (7, 51), (10, 19), (11, 25), (11, 33), (12, 21), (14, 58), (15, 56), (15, 59), (16, 41), (17, 39), (20, 49), (21, 25), (23, 45), (24, 47), (24, 53), (26, 28), (27, 30), (34, 44), (35, 46), (36, 57), (37, 40), (47, 59), (52, 54), (53, 56)]

PHASE k=11 theta=5.759586532
--------------------------------------------------------------------------------
positive vertices: 30
negative vertices: 30
zero vertices:     0
crossing edges:    30
positive comps:    1
negative comps:    1
largest + comp:    30
largest - comp:    30
crossing edge list: [(0, 12), (0, 33), (1, 48), (2, 43), (3, 55), (5, 9), (7, 51), (10, 19), (11, 25), (11, 33), (12, 21), (14, 58), (15, 56), (15, 59), (16, 41), (17, 39), (20, 49), (21, 25), (23, 45), (24, 47), (24, 53), (26, 28), (27, 30), (34, 44), (35, 46), (36, 57), (37, 40), (47, 59), (52, 54), (53, 56)]

SUMMARY
--------------------------------------------------------------------------------
crossing edges min/max/avg = 30/30/30.000000
positive comps min/max     = 1/1
negative comps min/max     = 1/1
